0 0.441267 0.886200 0.167422 0.171778
0 0.589556 0.892067 0.143911 0.168844
0 0.202622 0.501467 0.110133 0.098400
0 0.312756 0.495600 0.110133 0.089600
0 0.425111 0.493400 0.120444 0.091067
0 0.536711 0.496333 0.114578 0.094000
0 0.651244 0.491911 0.117511 0.088089
0 0.761378 0.496333 0.105689 0.096933
0 0.193089 0.567556 0.120400 0.054311
0 0.312044 0.562422 0.117511 0.046978
0 0.431000 0.559467 0.120400 0.047022
0 0.546267 0.559489 0.121867 0.041111
0 0.659333 0.554333 0.113067 0.051422
0 0.776067 0.552133 0.123333 0.055822
0 0.190156 0.673289 0.120400 0.107200
0 0.312044 0.674756 0.123378 0.118933
0 0.432467 0.668867 0.117467 0.116044
0 0.550667 0.663733 0.127733 0.102756
0 0.674000 0.666667 0.116000 0.114578
0 0.790756 0.665933 0.123378 0.118978
0 0.175489 0.754756 0.126267 0.079289
0 0.302489 0.753289 0.124800 0.082222
0 0.432467 0.756222 0.123333 0.076356
0 0.554333 0.753289 0.132133 0.076356
0 0.682822 0.751822 0.121911 0.073422
0 0.807644 0.750356 0.127733 0.076356
