0 0.891653 0.191667 0.216693 0.251098
0 0.248970 0.155691 0.247485 0.261382
0 0.176000 0.399461 0.253228 0.255508
0 0.115921 0.640274 0.227485 0.267256
0 0.346960 0.574929 0.260376 0.268720
0 0.422792 0.331169 0.251802 0.256972
0 0.495752 0.118974 0.251782 0.220264
0 0.671010 0.268760 0.256079 0.264309
0 0.915970 0.860539 0.168059 0.270183
0 0.736812 0.082256 0.261822 0.164512
0 0.066188 0.214431 0.132376 0.261382
0 0.071188 0.868598 0.142376 0.262805
0 0.184594 0.955965 0.253228 0.088069
0 0.269713 0.811352 0.260376 0.268720
0 0.450693 0.928069 0.267525 0.143862
0 0.522931 0.744533 0.251802 0.258455
0 0.600901 0.505183 0.261802 0.261382
0 0.781168 0.682856 0.267525 0.264329
0 0.705337 0.892846 0.276099 0.202642
0 0.844109 0.439096 0.258950 0.255508
