0 0.400214 0.737950 0.123343 0.098386
0 0.188021 0.444264 0.110129 0.107186
0 0.296686 0.442800 0.107200 0.104257
0 0.404614 0.442057 0.105714 0.111600
0 0.510343 0.439129 0.102800 0.111600
0 0.617543 0.440593 0.111600 0.108671
0 0.730607 0.436186 0.114529 0.111600
0 0.183621 0.536779 0.110129 0.083700
0 0.291543 0.536771 0.111600 0.086629
0 0.401679 0.536771 0.108671 0.086629
0 0.511079 0.535300 0.116014 0.092514
0 0.622679 0.535300 0.113071 0.089571
0 0.733543 0.536036 0.120400 0.091043
0 0.175543 0.652043 0.126286 0.108657
0 0.294479 0.651314 0.120414 0.104257
0 0.414893 0.652043 0.105729 0.108657
0 0.530164 0.646907 0.127757 0.107186
0 0.652043 0.649107 0.121886 0.114529
0 0.776129 0.648379 0.123343 0.113071
0 0.143971 0.735750 0.133629 0.088100
0 0.273929 0.737950 0.126286 0.098386
0 0.533100 0.740886 0.133629 0.098371
0 0.809171 0.744557 0.118943 0.093971
0 0.690957 0.776864 0.140971 0.129214
0 0.639564 0.877450 0.161529 0.165929
0 0.798893 0.872307 0.165929 0.161529
0 0.359829 0.904614 0.148314 0.155657
0 0.505207 0.908293 0.139500 0.154186
0 0.464821 0.804764 0.158586 0.108671
